0 0.31640625 0.3703125 0.2140625 0.2984375
0 0.22734375 0.73828125 0.2953125 0.2140625
0 0.69921875 0.11875 0.33203125 0.196875
0 0.52421875 0.7984375 0.353125 0.2359375
0 0.18046875 0.4109375 0.2140625 0.32421875
0 0.10078125 0.571875 0.2015625 0.25
0 0.08046875 0.30859375 0.12265625 0.2015625
0 0.61640625 0.41953125 0.25703125 0.25703125
0 0.69921875 0.51796875 0.35546875 0.20703125
0 0.61171875 0.915625 0.24296875 0.16796875
0 0.91484375 0.203125 0.1703125 0.30546875
0 0.365625 0.1234375 0.33671875 0.209375
0 0.59375 0.25625 0.34609375 0.16328125
0 0.509375 0.646875 0.353125 0.16328125