0 0.81328125 0.57734375 0.3734375 0.1484375
0 0.7390625 0.49609375 0.30625 0.1015625
0 0.92734375 0.44375 0.140625 0.05625
0 0.70234375 0.4015625 0.2640625 0.10625
0 0.91640625 0.353125 0.140625 0.05625
0 0.6890625 0.31796875 0.2328125 0.1125
0 0.9046875 0.26171875 0.140625 0.0359375
0 0.73125 0.209375 0.2515625 0.109375
0 0.409375 0.27890625 0.1984375 0.0703125
0 0.25546875 0.33046875 0.1734375 0.0953125
0 0.2640625 0.421875 0.153125 0.0953125
0 0.271875 0.515625 0.175 0.1109375
0 0.359375 0.59921875 0.215625 0.125
0 0.453125 0.54296875 0.171875 0.1140625
0 0.43984375 0.45078125 0.1890625 0.084375
0 0.42734375 0.38359375 0.1796875 0.0875
0 0.08125 0.61328125 0.15 0.096875
0 0.07109375 0.546875 0.1375 0.0734375
0 0.0671875 0.49296875 0.134375 0.0734375
0 0.06328125 0.4421875 0.1265625 0.071875
0 0.059375 0.384375 0.11875 0.065625
0 0.05234375 0.32109375 0.1046875 0.0578125
0 0.9203125 0.178125 0.0890625 0.0390625