0 0.9351176334255434 0.7914687175305021 0.056885165083433976 0.10396406203449331
0 0.8501284797620704 0.7992576387467858 0.10713082654882307 0.11098034946188058
0 0.7473752939864216 0.8023034019813522 0.11025582654882307 0.11112589867609231
0 0.6528506880389563 0.8276608128585536 0.13862648801421235 0.11712334160399784
0 0.888178435664107 0.6859057681924559 0.06725609905006066 0.06392125889134022
0 0.7929920884230691 0.6940029044625515 0.0922494549975255 0.09470037799792799
0 0.7125266604493363 0.7051351495001528 0.08155761646291496 0.09887845574818713
0 0.6208338054063823 0.7063465849844601 0.09397572930778501 0.09789815260503384
0 0.5198777357549641 0.8394801085581086 0.10696705223856355 0.10785534946188094
0 0.44292016734674144 0.7239043043814982 0.18409611827193723 0.151973530602962
0 0.4084489128241856 0.8436881114535929 0.1041762449116174 0.08434507485477453
0 0.03306763003261183 0.876566808105552 0.06613526006522366 0.13041955417661058
0 0.03274560408267215 0.7410466850700226 0.0654912081653443 0.10392982878371626