1 0.3859375 0.5 0.1265625 0.83828125
1 0.284375 0.53671875 0.10703125 0.66171875
1 0.16640625 0.48515625 0.12890625 0.875
1 0.57578125 0.35625 0.115625 0.66171875
1 0.67421875 0.3421875 0.10859375 0.625
1 0.46328125 0.34921875 0.11796875 0.63984375
1 0.7875 0.34375 0.1 0.62890625
1 0.24140625 0.35078125 0.11796875 0.64375
1 0.503125 0.57890625 0.10859375 0.6578125
1 0.9296875 0.58671875 0.1 0.6359375
1 0.06015625 0.584375 0.10234375 0.63203125
1 0.60703125 0.5625 0.09765625 0.646875
1 0.8296875 0.58984375 0.1 0.62890625
1 0.7140625 0.5609375 0.0953125 0.6359375